results\hs_8bins_5pchs_10_1_1_clst_max_init_new_1e-005tVarY_1tUp_16tClsfy_(1).ppm
12.0164
11.5488
12.8619
12.3659
13.491
16.2761
12.7279
14.7222
13.4585
15.0303
13.6304
16.1873
14.2492
13.7241
15.4972
13.5519
14.9232
13.726
14.5554
13.8481
14.1612
15.8639
13.8665
14.9821
13.8072
14.9683
13.7352
14.1677
13.4654
15.0452
14.1145
13.9618
14.1172
13.8856
14.4088
13.6843
16.2982
14.1164
13.7436
13.6663
14.1428
15.2492
13.8045
14.8891
13.7268
15.1168
15.32
13.522
14.7858
14.2511
13.7811
13.2055
13.8114
14.5347
13.793
14.3812
13.5898
19.2432
13.5002
13.6016
13.5703
13.4998
12.7685
13.4424
13.2189
13.7957
14.7188
13.0658
20.3696
13.6472
14.3644
12.4623
13.6713
14.0234
13.0207
15.0376
13.6705
13.3169
13.7168
13.0919
14.1815
15.3269
14.8906
13.8745
13.9032
12.677
13.2936
14.1524
15.6342
15.33
15.4287
14.3816
13.8351
14.7942
13.421
13.5439
13.9285
13.6392
13.7509
15.6771
14.8554
13.9507
14.9591
13.103
14.9829
13.5419
15.5596
14.2722
15.1088
14.046
14.0494
13.726
13.9958
13.2672
13.8263
13.191
18.9018
14.718
13.372
13.9863
13.6277
13.2002
12.7857
13.9442
13.0195
13.9189
13.2871
14.126
13.0831
14.2339
13.3663
13.8175
15.4789
13.1424
14.7984
14.1899
13.2828
14.3548
13.2775
14.0552
14.0823
15.2064
14.4172
17.4204
14.315
13.4057
13.2706
12.7298
12.7352
13.2224
14.9056
13.4669
13.2844
13.5435
13.4191
13.4822
13.4068
13.7654
13.6365
13.524
14.9446
14.7777
13.8003
13.4903
13.7406
13.385
13.2335
13.2243
13.8244
14.7188
13.5174
14.1041
13.7195
13.3529
13.7214
12.592
14.0441
13.354
13.6437
13.5695
14.0682
13.3257
13.713
13.9086
12.5281
13.692
13.9924
13.1393
13.8872
14.1795
13.581
15.1275
13.3265
13.3992
13.3135
13.5186
12.6824
13.9247
13.2526
13.63
16.095
15.7158
12.6177
14.0188
14.643
14.0069
14.4027
14.7226
14.0134
14.2247
14.4337
14.5584
15.3897
14.0842
13.6805
14.3426
21.0317
14.0092
14.5818
14.2438
13.7754
13.0104
14.5359
13.049
12.2319
12.6422
11.3662
14.2102
14.2997
17.1525
14.9025
13.5324
14.4524
16.4333
14.6931
15.103
14.1964
12.933
14.4876
14.6067
14.5711
15.0908
16.5198
13.9798
15.1941
13.5595
14.0839
16.4996
15.5661
14.0831
12.7145
14.7379
14.6966
14.7307
results\hs_8bins_5pchs_10_1_1_clst_max_init_new_1e-005tVarY_1tUp_16tClsfy_(1).ppm
12.6051
13.421
13.3219
13.8607
14.7184
14.5772
14.0827
15.7311
15.8838
15.6813
15.4509
18.1073
16.242
15.0357
15.9733
15.1118
13.8481
16.0376
16.2745
15.0812
15.3093
16.2933
16.2278
14.55
13.8118
15.3797
15.0889
17.3783
15.6331
14.214
14.772
15.9484
16.9623
15.8577
14.5978
15.0663
15.8455
16.1367
15.5849
18.4418
16.6021
16.4479
15.4976
16.1708
18.1659
16.5746
15.9025
15.4521
15.4364
15.8769
18.1004
16.7028
15.8826
14.9787
16.5313
13.9403
15.2806
14.7471
15.0835
14.9201
17.0051
15.3885
14.9327
17.242
14.7031
16.609
13.974
15.3663
14.9059
15.7437
14.8405
14.0483
16.1536
15.9067
12.8561
15.702
16.1654
14.2343
15.5167
15.0265
16.1145
18.2084
15.0169
16.2259
15.9603
15.9159
16.8685
17.0878
16.1551
13.8971
15.4616
16.0139
14.896
24.4623
15.5986
14.0957
15.9909
16.9852
18.6569
21.2004
14.9855
14.3005
16.4215
15.87
15.4785
16.2581
16.0721
18.0446
14.9128
14.439
21.0619
18.8238
14.9274
14.5933
15.2351
15.1666
17.4785
15.883
15.1023
15.5497
14.3055
15.8003
23.1484
14.9947
14.865
15.7873
15.2802
14.1474
21.4725
18.2065
16.2684
16.774
16.5757
15.3281
17.7388
16.3935
15.5045
17.4234
15.4697
16.2868
17.1793
15.5512
14.9438
16.663
15.4486
17.2803
15.1072
15.1543
14.462
16.4999
16.7196
15.3139
15.9749
17.0078
15.3893
14.5508
14.8868
16.8562
14.6373
14.4995
16.1042
15.0139
15.6254
17.8991
16.4429
15.9086
23.6287
16.3227
15.0583
15.5076
15.8589
14.5267
17.2631
17.3951
18.2872
15.0219
15.046
15.3621
14.9645
16.5715
16.524
14.0915
16.219
15.242
12.6257
18.2122
16.1984
15.5014
15.4812
17.8065
16.4192
15.9442
15.785
15.0583
14.6438
15.1868
13.4348
15.3587
15.3388
16.4402
16.3101
16.2527
14.2924
16.2462
16.3989
17.8934
14.9794
16.4276
16.1222
15.9002
17.0415
16.6955
17.2351
17.296
16.3377
16.402
14.6878
16.2715
14.7016
16.2573
16.9535
14.2745
13.0796
14.6457
13.9717
13.6127
13.6583
17.1884
16.2175
15.5799
16.0851
14.2178
15.658
16.8023
15.4524
18.7044
15.5366
14.1834
14.2813
15.7284
15.8512
17.097
17.0809
15.3805
15.893
14.3035
12.0287
15.6438
15.7334
16.1563
13.5247
15.4222
15.6982
15.0736
15.2286
15.3572
15.1903
14.8485
14.0307
15.0074
16.6687
14.4995
15.9863
15.2102
14.0601
16.9588
15.4161
15.5676
15.8926
14.1428
16.5577
15.8183
14.3112
15.1095
16.0273
15.9779
16.7587
15.9358
14.9676
15.4012
14.8895
17.6867
14.7555
15.6855
15.6473
15.5183
14.9235
15.2917
15.0628
15.1191
16.2003
15.5018
16.0958
17.472
16.4299
17.1965
16.8272
16.2929
17.986
24.3303
15.7946
18.4843
15.5252
14.4949
14.7804
16.1919
16.6737
17.2393
15.1926
14.9794
15.7039
17.5248
16.5952
14.493
16.118
15.586
15.8891
15.958
13.9679
16.9221
17.433
15.2018
15.3621
16.2248
15.4111
14.9897
18.9179
14.7115
15.8042
15.6909
15.8103
15.2779
15.2707
13.775
13.9492
15.4651
17.3002
14.9477
16.4341
16.9611
15.5164
15.2864
17.5402
14.1091
13.2561
15.529
16.852
13.7727
15.7314
15.0632
16.2672
16.1107
13.0237
14.8684
14.682
15.7579
15.3066
13.9759
14.8918
results\hs_10bins_5pchs_10_1_1_clst_max_init_new_1e-005tVarY_1tUp_16tClsfy_(1).ppm
11.1029
13.2082
15.3621
14.2737
16.1915
15.689
16.6737
16.9711
23.2085
17.0652
15.3755
17.9072
17.5689
17.9474
18.3944
17.3683
17.1345
17.547
18.769
17.0285
20.1017
17.2684
16.2148
14.9331
15.4762
15.9722
17.2834
16.6148
16.5688
16.9102
19.6634
16.0506
17.1318
17.7656
15.33
17.1697
16.9225
16.1459
17.0357
18.9608
17.9129
18.0541
18.9386
15.7471
17.6469
17.3484
21.0336
19.8797
17.5402
17.3098
16.5994
15.9703
15.9232
18.1437
17.4028
16.9301
30.4655
17.9106
17.0503
16.5348
17.4456
17.1368
16.5152
16.8719
19.6569
16.4433
17.2703
15.6978
30.8934
17.3568
14.6545
16.9952
17.4694
17.3174
17.0204
17.5643
20.1958
18.3167
17.0709
16.3947
17.6894
16.312
17.2072
19.5689
18.6251
16.0851
16.8118
26.5688
17.8329
17.1483
17.1816
17.2983
17.6753
18.709
17.614
17.0752
16.8964
17.7174
17.0951
17.0074
19.146
17.7085
17.996
17.6871
18.5321
17.8831
18.1341
26.599
17.3239
27.1042
19.1391
16.9523
16.8796
17.6638
17.0698
16.0843
17.0365
16.8654
16.7985
16.7456
17.363
16.0124
16.1394
14.9993
16.0962
16.6634
15.2894
16.8716
17.2761
17.1257
16.9634
18.4541
17.1421
16.0376
16.9688
19.0178
16.7644
17.3764
16.6588
18.6428
17.3033
17.5283
18.3592
17.6802
17.3002
15.8371
16.3101
15.9465
14.046
17.9443
17.9653
17.2221
18.6198
17.769
17.2864
15.7732
16.0782
18.169
16.17
17.2589
17.9022
16.5508
15.4237
17.3825
15.4329
16.9496
16.0617
21.0221
17.6959
16.671
18.1127
17.7862
16.0013
17.1245
18.1031
17.5555
16.6798
17.1433
22.1274
17.7816
17.4946
15.8509
17.2669
17.4766
15.0384
18.3465
17.7399
16.6285
17.061
16.8585
17.0204
17.57
17.6129
16.2416
16.3729
16.1115
15.9469
17.0981
15.1248
21.8269
14.6798
18.1812
15.798
17.8042
22.7642
18.8816
18.2003
16.8034
18.2987
19.1097
19.0247
17.7514
19.1418
18.1954
19.19
18.4288
19.3473
18.3875
17.4621
17.2657
16.2294
13.9514
15.1367
15.3124
14.0127
14.4306
14.4141
15.6821
16.7441
16.8601
15.7984
16.7188
17.1
18.5233
16.6274
18.0821
18.2248
15.4069
17.0403
18.49
18.0771
16.8934
17.5773
16.5784
17.9183
15.8287
14.7104
17.6045
16.8784
16.1742
13.997
17.0484
17.3377
17.2872
20.3573
16.6836
16.1612
16.3545
15.4019
17.4766
16.3909
16.2232
16.6465
17.8226
16.4789
15.5841
16.9198
18.0308
17.4961
17.0089
16.4701
18.6229
16.7055
16.232
17.6102
17.1054
18.7932
16.4548
18.6959
17.345
16.4854
19.647
17.7843
17.8509
17.4139
18.5681
16.3457
16.0835
16.6626
25.633
17.5375
16.9688
16.9561
18.071
18.128
16.1945
19.4028
16.9894
16.0759
17.3346
26.2844
15.5447
18.7476
15.6809
17.4307
24.5844
18.0442
16.1161
17.3274
15.3277
16.9959
17.8815
17.8735
18.5455
25.8531
17.4284
15.7663
16.4984
17.4422
29.0533
18.1468
18.1238
17.0369
16.7609
17.2512
16.0365
17.7514
17.6929
17.5222
17.4074
17.477
16.0629
15.3292
21.5916
13.4378
27.0824
18.867
16.3897
18.105
15.7158
17.363
16.958
16.7801
15.71
17.4663
20.9272
18.0511
13.8653
17.9493
16.852
14.891
18.3932
15.5504
17.7564
17.3878
16.7724
18.0951
16.9833
18.017
results\hs_6bins_5pchs_10_1_1_clst_max_init_new_1e-005tVarY_1tUp_16tClsfy_(1).ppm
13.2652
10.4657
12.5228
14.5699
13.7964
13.8772
12.9924
14.6507
14.2978
13.0555
15.2994
14.8883
15.3242
13.8833
13.9503
13.5056
17.9986
14.4582
14.4853
13.4792
14.1505
14.2128
14.3464
17.5845
14.5473
15.6614
16.4238
13.6472
13.6204
13.7023
14.1838
14.1302
14.3583
14.3828
15.0632
13.9587
13.9886
13.6943
17.1073
14.6836
14.6572
14.3751
14.9209
14.9787
14.3686
14.9622
14.7425
16.6576
15.6036
15.0085
13.9319
14.129
13.4088
15.8493
14.2748
14.0904
16.5156
13.8653
14.3292
13.8722
13.8206
14.3483
14.9419
13.8496
14.098
14.7536
16.0082
13.7145
14.4034
12.297
13.6702
12.9598
14.5596
14.6044
14.248
15.6878
16.092
14.5485
15.3828
15.5784
17.1509
14.2014
14.1864
15.4479
14.7356
13.8133
15.1034
14.108
14.307
14.0376
13.9656
17.8697
14.4425
14.6522
13.3755
13.8519
14.0437
14.5171
12.3743
17.7759
17.3144
14.4053
13.7796
13.8929
15.3028
15.175
15.9328
14.9595
15.8088
15.289
17.5046
13.5867
13.5565
16.3461
14.2262
14.3831
18.061
14.4639
14.1041
13.7953
13.9576
14.1309
13.0835
12.3318
15.4708
15.2159
14.0173
14.4781
12.2951
15.2301
13.8837
14.9327
14.899
14.79
13.3387
15.0916
14.4409
15.2504
15.4559
14.7368
13.4233
14.9974
13.3418
14.0651
14.067
14.3483
13.803
14.2511
16.6756
13.354
13.7199
16.6878
17.6676
12.6992
18.3041
12.969
13.4845
14.3487
13.4604
13.7865
15.5933
13.9093
14.2511
15.6982
13.1891
15.6339
15.5508
13.9113
12.4214
15.865
14.4065
14.3809
15.0701
14.2959
19.1537
14.2182
13.8565
13.8282
13.1994
15.5696
14.5527
12.4057
14.0808
13.8297
14.0421
12.4933
14.2151
16.136
14.7984
16.0625
15.5845
14.5362
14.0617
13.6296
18.4047
13.9396
15.1103
13.8826
12.726
14.3514
13.6074
14.9388
18.2053
15.0449
15.2787
15.3216
15.002
20.5173
14.2213
14.8305
17.3017
16.6197
14.3805
13.4267
14.4543
14.6652
14.9894
13.5301
14.444
15.2534
14.4903
15.8206
17.0384
13.8098
12.3395
12.6016
11.2304
15.6618
14.4207
15.5401
14.9515
16.2343
14.9086
15.1635
13.9216
16.3078
13.2312
15.0043
14.5672
18.0182
14.8604
17.9091
15.2469
13.5722
15.0338
13.6139
13.0972
13.3525
14.0552
15.971
13.7115
14.3322
13.9136
14.1535
14.8895
15.7131
15.4792
13.9687
19.0572
14.3043
15.7624
13.7861
12.9713
13.6177
15.467
14.4938
14.2618
12.4439
14.3713
16.7357
14.3977
14.0333
12.2001
13.9874
14.0686
15.0441
15.2952
13.8378
13.4845
14.2071
15.1769
14.7035
14.5772
14.3307
12.8829
17.6056
12.1615
13.8776
19.7017
13.8711
15.2676
15.2377
15.4945
15.033
15.4701
15.268
15.5018
15.0479
15.1899
14.656
14.3743
13.8202
13.9549
14.5412
13.7302
14.2339
13.1715
14.4723
14.3541
14.2932
13.8661
15.5087
16.2141
12.8186
15.3105
13.2909
13.6747
21.3084
16.844
12.8343
17.5199
13.6839
15.4578
14.4168
14.6641
13.9423
14.8956
14.9239
14.0437
14.436
15.3901
13.5967
13.837
13.7203
13.31
15.0426
13.7111
18.2784
14.0812
14.4494
13.4455
13.9113
13.7919
12.1852
13.6736
16.0284
14.0988
12.0161
14.3162
14.2944
12.7279
15.1945
14.617
13.6055
13.6483
19.5957
14.5129
14.9281
14.4612
results\hs_4bins_5pchs_10_1_1_clst_max_init_new_1e-005tVarY_1tUp_16tClsfy_(1).ppm
13.0662
11.7642
12.6674
12.9197
13.5538
11.4852
13.1355
13.6231
13.8883
13.8435
13.3835
14.1815
13.4398
13.5515
13.3425
15.5164
14.2324
13.7237
12.2327
14.4582
13.5224
13.1225
15.0575
14.1707
13.9373
13.1022
13.2101
12.3777
13.2006
13.5534
12.328
14.9063
13.3605
15.3732
12.855
12.8178
14.3602
13.651
12.9989
15.7644
14.4084
12.7149
13.1761
14.2963
14.1474
12.1186
14.0953
13.2055
14.7203
14.1933
12.4087
11.251
13.2882
12.7337
12.4569
12.6651
13.3973
13.7605
13.7498
14.0498
13.8562
13.1833
17.0931
13.3912
14.3196
12.8133
12.8255
13.5458
12.4137
15.333
13.5174
12.6456
13.0662
13.8902
13.2063
13.0176
12.9931
13.4409
14.4704
13.6464
13.6675
15.7016
13.421
14.7364
13.2465
17.1008
12.0295
13.6066
15.9048
13.3422
12.9893
12.9694
13.413
14.2982
12.5167
13
17.0606
14.0326
15.2837
14.4482
13.429
14.2278
13.5285
11.4791
15.5692
13.261
14.2768
14.33
13.5806
13.2813
14.94
12.8159
15.1597
12.8358
11.6601
12.7991
14.5378
13.3628
12.7027
13.1412
16.2305
13.9235
13.0704
12.6969
16.5183
12.3023
14.7199
12.7337
13.2913
13.4057
13.1014
13.2323
14.607
13.8684
13.5018
13.7716
14.1661
15.3254
13.886
15.3288
16.586
14.0693
14.1286
15.2236
11.4577
12.9552
14.2102
14.6889
14.8049
13.036
13.4382
15.8623
12.8087
12.8469
11.7642
14.1214
16.6503
13.3793
12.5408
14.4348
13.953
11.9939
13.4509
15.9178
12.501
14.1007
13.1037
15.2094
12.2346
13.09
12.2859
12.6181
13.6901
12.4527
11.951
13.7945
13.1416
12.7126
16.0736
14.1084
12.9614
12.1129
14.2117
14.6675
10.6773
12.5917
14.9006
13.3039
14.0395
13.568
13.9074
14.5182
14.1585
12.9855
13.7478
14.4436
13.2358
13.3085
12.7206
13.6476
17.5382
16.2956
12.8466
13.0536
13.749
13.581
12.3735
14.462
12.1776
12.9591
13.6851
13.8596
13.8611
13.54
14.6698
13.2951
14.1945
14.5477
13.3226
13.643
14.2412
12.5385
11.0708
14.263
11.4244
12.9591
13.5351
13.3609
13.8236
13.6388
13.0915
13.1566
13.9645
14.054
14.209
14.0406
14.095
15.4857
13.6606
14.5018
13.3207
12.6847
15.1034
12.961
14.3365
14.2102
12.2863
12.7601
12.4684
11.8109
13.5913
13.8121
15.1436
13.4057
12.5653
13.7054
15.2351
13.2473
14.4685
12.9174
12.8244
12.7999
13.5867
13.7172
13.4884
13.1045
13.4983
16.6905
15.4926
13.0769
15.7196
13.2549
12.695
12.5706
18.0239
13.4417
13.5155
12.7333
14.3123
15.8363
13.4819
14.1267
15.8122
14.8432
16.6209
13.2939
13.5247
13.2951
11.8775
12.0612
13.9285
13.4386
14.4804
13.9258
14.2745
13.3307
13.7616
15.1394
15.286
13.9863
14.5508
13.6514
13.7149
13.6173
13.886
14.0333
14.6713
13.1856
13.4585
11.0769
16.3201
15.8577
15.0525
13.3858
14.0456
13.1585
13.1734
13.5645
12.9017
13.3211
14.746
14.408
14.5814
13.3368
12.9656
13.5224
13.8225
13.5083
13.2032
13.4229
13.2266
12.5668
13.6866
14.0058
12.0777
14.1382
14.1512
13.0965
12.5239
12.532
14.4696
12.7624
14.8179
13.6679
12.7007
13.5121
12.925
13.9583
13.3062
14.2427
12.5989
13.5951
12.2801
13.3073
12.3869
14.6239
13.522
14.6009
13.501
results\hs_8bins_5pchs_5_1_1_clst_max_init_new_1e-005tVarY_1tUp_16tClsfy_(1).ppm
12.6724
13.2729
13.5488
13.3621
13.8271
14.656
16.5344
15.0284
13.01
14.4673
15.7341
14.9419
16.0392
20.2348
14.3028
13.6629
14.8478
14.8504
14.6143
14.3265
14.55
16.4043
15.1528
13.589
14.2802
14.803
15.6473
13.9434
20.0714
13.0559
13.77
16.402
14.6912
17.309
14.408
13.1217
14.9297
14.4677
14.3996
14.8282
15.2481
15.9385
13.6606
14.8087
14.6801
12.7168
14.0881
14.245
14.2944
15.0609
14.3675
14.4666
14.746
13.9071
14.8214
13.7138
14.2469
14.5393
14.0624
13.8447
16.8363
15.2171
14.1906
12.8741
14.1926
15.2615
13.7716
13.8803
14.9909
14.0452
13.9277
13.0743
16.609
14.217
13.9025
15.059
14.5274
15.6955
15.0667
13.5152
13.5366
14.8627
14.3322
13.8565
15.9706
13.9342
13.8872
15.4444
15.9427
15.9385
14.6553
14.5393
14.7594
14.3365
14.2699
12.9805
15.4123
14.4455
15.6071
14.4409
14.2071
14.78
14.573
16.2362
14.1118
14.7429
18.4338
14.9744
15.3246
15.1685
14.8788
15.0483
15.1949
13.9025
14.6009
15.7904
13.7846
13.7233
14.8348
13.2675
17.1498
14.2599
13.5106
13.3372
13.7283
14.3166
14.2308
13.4539
14.6415
15.7915
13.7061
13.4072
14.4153
13.7367
14.3766
14.5695
14.8527
13.9109
14.1306
14.9936
14.868
14.6181
14.6805
14.4597
12.5787
15.157
12.8508
12.4256
13.6074
13.0172
13.7884
12.832
12.5519
12.8159
12.3816
12.685
12.6296
13.3984
12.2059
12.1561
13.5182
16.5772
14.1413
13.7501
12.5848
13.8443
13.4627
13.2086
12.8825
14.4444
14.253
15.8922
12.8599
13.0264
12.7023
14.2614
13.4658
13.0467
13.119
13.3043
13.7922
16.6412
15.0774
13.5764
14.4631
14.3154
12.558
12.1205
15.0361
14.904
13.6193
14.2978
13.9254
17.8119
13.5439
13.9924
13.0306
14.8038
14.2197
results\hs_8bins_5pchs_5_1_1_clst_max_init_new_1e-005tVarY_1tUp_16tClsfy_(1).ppm
12.749
11.7788
13.3647
19.5861
14.2366
13.1324
14.1011
14.989
14.6132
13.5894
15.2431
15.3912
14.201
12.6598
14.9733
13.2254
14.0885
14.5029
14.6641
14.9519
16.1042
16.7759
15.8987
11.8798
14.7307
14.4172
15.9955
14.9515
14.1198
14.3376
14.6166
14.4827
13.3862
14.2419
12.3241
14.3418
14.6028
14.3893
15.1199
14.6606
14.2259
13.9143
13.9434
15.9913
15.8612
14.0077
16.2822
14.0869
13.9583
14.3916
18.1054
13.9687
13.6101
14.5978
13.943
12.5515
14.2546
14.266
13.5236
14.2469
15.6159
14.9419
13.1684
13.8447
12.46
14.6055
14.2324
14.1233
12.3582
14.4807
13.5507
12.8002
13.062
15.4681
14.1064
14.2465
14.684
16.0281
13.248
14.3196
14.1826
14.7452
14.7766
14.2565
14.6667
13.7517
13.8891
15.0043
14.4528
13.2182
14.2557
15.6117
13.1447
14.5952
14.2105
14.9798
15.6809
16.7361
12.4328
14.1309
14.4578
13.3257
14.1769
13.6414
14.3361
14.5848
14.9561
15.0142
15.01
13.1856
15.0514
15.1872
19.5693
15.0858
15.444
15.658
12.9285
12.6965
14.4922
13.1585
13.5351
15.4762
14.3414
17.6113
13.9824
15.3989
14.1221
13.6127
15.4486
15.1719
15.529
14.9909
15.4597
12.8925
14.7655
15.4861
13.3261
16.5585
16.2431
15.3189
15.4586
14.5087
16.5489
14.3181
15.0058
16.7028
15.2971
14.8772
13.4857
15.3931
15.2523
13.736
13.6835
12.6973
13.9886
13.7769
14.9442
14.5952
14.0984
13.8401
14.7984
13.8554
15.5994
13.7088
13.6686
12.9181
22.409
15.1107
14.1619
14.6572
15.0276
15.4758
15.2929
13.599
13.3896
13.9683
14.2174
13.8481
14.8569
14.3143
14.4532
14.3273
14.9404
13.6208
13.2147
15.6874
15.1359
12.6322
13.842
14.1975
14.821
15.0261
13.3701
14.5508
19.0174
12.672
14.0969
14.4834
14.8868
15.485
14.0643
13.8546
14.3812
13.5595
13.9759
14.5906
13.9281
14.9277
14.1654
16.0495
15.1352
14.403
15.8068
13.3533
14.465
14.9063
13.8278
13.9863
14.4857
14.8864
14.78
13.7754
13.522
14.2454
13.5301
12.0482
14.865
13.8347
13.5936
14.9117
15.6132
14.25
15.767
15.3426
14.1826
14.9167
13.3073
11.9139
12.8657
14.1424
14.6354
14.4363
17.1345
14.418
15.8164
12.6586
13.0823
12.2388
15.4532
12.9334
12.5603
14.2672
14.258
13.9798
14.5355
15.994
14.7502
15.3503
13.0241
12.3888
15.431
11.9786
14.2787
17.4514
15.1777
14.0716
14.7865
14.157
16.7116
14.3575
15.0062
14.0376
14.9209
14.3713
14.2928
14.4398
14.3476
13.3012
14.3996
14.3143
11.7072
15.1976
15.2944
14.2825
14.4429
13.3885
14.0697
13.3456
13.3969
12.018
15.0858
14.2209
15.3683
15.3782
15.3782
15.4371
13.6568
14.1853
14.8436
14.2699
14.6063
14.8849
14.0069
13.4857
13.5825
13.4045
14.821
13.886
14.7923
14.1528
13.1604
14.8003
14.9251
13.5125
15.6377
14.3801
13.4815
14.0249
13.8064
14.0383
15.1524
14.6055
13.5389
14.3303
14.5917
13.7884
15.1826
15.273
14.7284
13.509
14.6564
14.2174
15.5516
13.9824
13.426
14.0586
15.3771
14.0475
14.0192
15.2477
15.4505
13.4091
13.7471
13.5308
13.3345
11.8163
13.6958
12.8634
13.86
15.4582
12.7356
15.4521
12.0505
15.4716
15.3239
18.831
12.4738
13.085
13.7984
results\hs_8bins_5pchs_15_1_1_clst_max_init_new_1e-005tVarY_1tUp_16tClsfy_(1).ppm
13.0482
11.3314
13.594
13.824
15.0001
14.9289
13.258
16.6159
16.8517
14.8684
15.9898
14.713
16.017
24.6161
15.9603
18.6588
16.5026
16.9776
16.4536
15.9699
17.4116
17.1551
17.0422
15.488
16.7812
15.0847
16.9963
16.9443
16.6645
17.0323
17.193
16.4238
15.6568
24.2503
16.8509
15.3882
15.7927
16.8375
16.5998
15.4111
17.9305
17.5011
17.7652
17.3385
17.0491
17.1551
16.6997
17.738
16.064
17.0824
17.8379
23.7022
15.9243
16.9611
17.5547
16.0499
15.4222
17.8593
24.1791
16.6136
15.7743
16.6109
15.963
17.5754
16.2026
16.511
16.7678
15.8868
16.5577
15.7609
15.6805
13.9365
18.3469
14.992
16.0273
16.8187
16.9646
16.2711
18.3461
15.1379
22.5606
17.0158
15.9657
18.0117
16.6634
15.6208
16.1161
17.3519
17.025
16.9523
16.242
16.937
16.8107
16.9466
15.0318
16.3327
18.9283
15.9898
16.0629
16.1869
16.738
15.5305
16.2868
14.4696
22.2383
16.8937
17.1613
17.534
16.4104
15.8907
17.2435
16.5061
16.2473
14.9549
15.6174
17.9378
16.1746
17.3706
18.2325
results\hs_8bins_5pchs_15_1_1_clst_max_init_new_1e-005tVarY_1tUp_16tClsfy_(1).ppm
10.9732
12.8289
14.4337
12.0222
14.2301
20.2257
14.7682
15.7085
15.4218
15.6212
16.4877
16.118
16.2374
16.6419
16.6293
16.671
15.524
17.428
15.5707
17.0951
18.4816
18.0446
16.9424
16.2688
15.3422
17.3212
16.6856
16.4969
16.7051
16.5439
14.9741
16.8719
16.6358
16.2768
16.2565
17.1345
16.0208
18.5107
16.9347
15.4153
24.6774
15.9741
16.6144
16.8627
16.945
17.3113
16.9133
17.7327
16.9454
18.1559
17.3821
16.8337
16.7904
16.586
18.0396
15.1344
16.3997
16.3859
16.6312
16.441
16.4827
16.5608
14.2668
16.3736
17.9554
15.927
16.7219
15.7938
16.8149
17.7216
17.433
14.8776
19.5146
16.3771
16.2141
19.0492
16.5723
16.2829
16.423
16.0016
16.3136
17.4525
16.6813
17.8976
17.5428
15.767
18.6722
15.7016
17.3951
16.5443
17.0755
18.3301
17.0403
17.4667
17.8972
16.6603
15.8558
16.2496
16.2661
17.8406
16.7529
17.0824
16.291
15.374
16.7284
14.842
17.5964
18.4686
17.1261
16.2971
16.8838
17.0782
17.4315
16.2095
16.5057
16.0418
15.3097
16.5585
16.5711
15.9645
17.3886
14.8596
15.5206
14.519
16.8953
17.0977
15.7383
16.4797
15.4662
16.8696
17.1199
15.5768
18.7882
16.4911
20.3206
16.6825
16.2041
17.198
15.7203
17.1253
17.4418
16.9875
17.3151
16.596
16.5474
16.7636
16.4953
15.8413
16.9611
16.906
17.3055
16.6963
16.108
14.684
16.1444
17.9776
16.5979
18.3186
15.8845
16.4651
16.2236
16.5367
17.291
16.6473
16.7299
16.4846
16.2937
16.3909
20.1966
16.2692
14.9848
15.9484
16.7211
16.25
16.3974
16.02
17.4686
17.738
16.5841
17.268
16.7265
15.826
17.0671
16.5332
16.3392
17.141
17.601
16.0705
16.9244
18.3749
16.555
17.3312
14.457
15.8933
16.6572
16.1742
16.2485
16.2799
17.0204
15.1585
16.0319
17.4456
15.0938
15.826
17.6653
16.9703
17.482
18.381
17.0296
18.3083
18.1234
15.9576
17.6955
18.6481
17.5708
17.0679
18.4246
18.5616
26.1026
18.1326
16.6523
14.5515
16.1413
14.405
15.1888
15.5764
13.3846
19.0044
15.1754
17.6087
17.8861
16.2378
19.2761
17.0729
16.0774
17.0679
16.7763
13.9683
17.0778
17.7648
16.8272
18.8395
17.2344
16.3204
17.1731
14.0421
14.9576
15.6174
17.1429
17.4556
15.5742
17.3519
16.5524
16.2699
17.0679
17.9803
17.8069
15.8237
15.3667
17.0713
14.6572
26.416
17.2179
15.178
16.454
16.2282
16.3296
17.0698
17.0361
16.5072
23.083
17.5256
14.8401
16.0372
15.658
18.753
16.5455
16.9202
17.1548
16.8318
15.5661
18.8544
26.9706
19.7033
16.8849
15.0839
13.9208
14.2798
17.2424
17.5023
18.6695
16.03
16.8758
17.7193
17.8103
17.2853
18.66
17.2175
17.0461
17.1123
18.6783
14.9293
17.0828
15.7923
16.0809
17.0855
16.9833
16.1693
17.2539
14.6556
17.0304
16.7927
16.8911
15.6614
16.7839
16.521
16.5761
15.7774
16.8069
17.9033
24.2013
18.2332
16.0858
17.0598
16.6014
16.4203
17.1712
17.3829
16.8199
16.5141
18.1135
15.1459
16.9852
16.1593
13.3269
17.0415
16.8551
15.3713
17.2952
16.1138
16.2554
15.9599
16.9217
15.4567
15.2163
16.3844
17.1379
14.7969
16.5845
16.2309
16.7407
18.6393
16.9217
17.3166
15.0192
14.8891
16.4429
15.149
16.7464
results\hs_8bins_5pchs_20_1_1_clst_max_init_new_1e-005tVarY_1tUp_16tClsfy_(1).ppm
12.5381
18.9275
14.0464
results\hs_8bins_5pchs_20_1_1_clst_max_init_new_1e-005tVarY_1tUp_16tClsfy_(1).ppm
14.3012
12.832
13.8152
13.7455
12.9839
15.2339
14.8279
15.1145
15.1953
15.3908
15.8298
17.3561
16.2841
17.5467
16.7498
16.7024
17.9378
15.8696
17.7824
15.9588
17.2837
19.221
17.8574
16.5394
19.2976
18.2252
17.9822
18.177
17.5375
17.965
17.57
18.3021
18.797
16.6213
16.7353
16.6664
18.9616
18.4904
18.0794
18.2547
17.4433
17.8865
16.3951
16.9098
19.0109
17.9064
18.6156
18.2975
17.3186
18.4104
17.8169
18.3373
17.6293
16.9531
19.3381
18.0614
17.8149
17.7342
17.5662
17.7342
17.5069
17.7269
17.0472
18.1965
16.9538
17.4391
17.8498
16.6997
17.9845
18.9612
17.0618
16.4188
17.9462
18.1334
15.7437
19.8437
18.43
17.8211
19.0603
17.1261
18.2585
18.0656
17.6818
17.5639
19.4629
16.5505
17.3672
18.3925
19.097
18.6033
17.7032
18.4074
18.2834
18.4744
17.5019
17.4253
18.9026
16.65
18.0243
18.048
17.9653
18.7128
17.5356
15.6962
17.5493
18.0733
16.8463
18.7028
16.3128
17.4774
19.4392
18.2405
22.4221
17.6339
17.4001
17.1716
17.5375
17.5708
18.2413
17.6944
19.0354
30.6186
15.4624
16.601
18.3419
19.89
17.5826
17.5754
16.9056
18.5896
16.9825
18.1341
17.7801
17.1708
17.7667
18.0564
22.0428
16.3618
18.0614
18.3419
18.9367
18.6163
17.9512
18.5394
17.7223
21.1319
15.7403
17.0836
16.7384
17.5107
17.6925
17.004
16.6044
19.244
17.5478
17.4751
17.6289
16.2332
16.7766
17.3293
18.0603
16.2297
17.5819
17.8165
17.2041
17.1073
16.234
18.505
17.3534
15.9247
18.3925
19.3006
18.3672
17.8624
17.7059
16.7579
18.4636
17.4824
15.9412
18.0335
19.0067
16.4456
17.5007
16.4161
17.6982
18.1785
17.5114
16.9611
19.1958
18.8494
17.7296
18.4215
16.9232
15.8218
17.4556
17.9481
16.5639
19.0687
17.9144
16.4839
17.6037
18.3974
16.9776
16.9485
18.8582
17.9443
18.8115
20.0791
18.1843
18.7897
20.2253
18.2937
17.1096
18.753
18.2141
17.5283
19.1521
19.8981
17.3052
19.2203
15.8574
16.4846
15.4406
16.8268
15.4218
15.6342
16.1739
19.4147
17.7851
16.4341
17.0583
17.247
17.8961
18.8138
18.0928
19.3106
17.6653
17.425
17.5126
20.0921
18.2137
17.389
18.4277
17.8211
18.0002
17.2367
14.8508
18.2658
18.8758
17.4299
16.9083
18.1154
17.2929
17.5574
17.787
18.1039
16.6607
17.2543
14.041
18.5857
17.8681
17.2757
17.9099
17.5
17.6615
17.903
15.5298
17.162
17.7445
18.1743
18.7426
16.4705
17.1923
16.0449
18.428
18.3871
18.4235
16.4402
18.9015
16.875
16.0767
18.0771
18.9837
28.8891
16.3564
20.9119
18.3404
17.5528
17.3454
17.5792
18.1866
18.0989
16.6702
19.2826
18.8758
16.3553
18.2581
18.7247
18.3484
19.2501
19.1039
18.9091
18.0239
17.6102
17.1869
17.9611
19.1131
17.0304
18.2199
15.4502
17.531
18.7227
31.2918
16.1524
19.8284
17.9041
16.3775
18.5268
17.2405
17.6538
18.5861
18.3469
18.0331
19.0626
17.1544
16.4238
18.2061
19.2857
18.5926
18.0832
18.5168
16.8118
16.9978
17.5673
17.0717
18.7859
18.2769
15.7621
18.8632
18.3603
18.8467
17.2608
17.4326
16.3997
15.3288
17.446
17.0499
16.3162
21.7381
18.4005
17.0143
18.5586
15.8218
18.5742
16.5501
18.0113
16.1387
16.5439
18.1196
results\hs_8bins_5pchs_25_1_1_clst_max_init_new_1e-005tVarY_1tUp_16tClsfy_(1).ppm
12.1439
13.8711
14.1524
11.8285
13.6851
15.8214
15.9986
15.5979
14.1455
15.188
15.1719
16.6526
16.1329
16.5275
16.6771
17.3963
17.4445
17.8153
18.389
18.278
17.0667
29.7441
16.8853
18.4824
19.9543
19.5452
19.1208
19.1192
18.5367
18.8873
18.5448
19.5483
18.8735
19.226
16.5803
18.9719
18.0564
18.2176
18.9378
18.9164
19.7499
18.4388
19.7909
17.7885
19.9306
18.6531
19.6099
19.5077
19.0228
20.275
19.8755
18.2478
19.3393
18.9975
20.2456
18.1651
18.4816
17.2466
18.4518
18.7576
29.0541
19.1097
18.3351
16.9052
17.9451
18.7051
17.5811
18.0358
18.8177
19.0239
17.9022
16.6649
19.6585
17.7598
16.6056
17.9202
17.3503
17.6592
19.9815
17.012
18.5203
18.4671
17.4739
17.7889
18.6447
16.4682
17.1685
17.5639
18.5475
17.9474
17.3542
17.8421
17.9351
18.805
17.2053
17.3496
17.4108
17.8302
18.3726
17.9539
17.4789
18.0277
17.2627
16.4154
18.0985
18.2685
18.3106
18.4782
18.8999
17.9447
18.2298
18.5306
18.1341
17.2692
17.4736
17.2749
17.5769
17.717
16.4624
17.4831
18.0369
17.0262
29.2631
15.689
18.1915
17.6351
16.7766
16.2083
17.2589
17.1088
32.6141
18.4388
18.1594
17.8815
18.0675
18.296
31.2122
18.7813
18.6642
19.3783
17.9933
18.2597
17.9064
17.5199
18.1544
18.7775
17.6163
17.748
16.5359
17.9665
18.5788
18.0568
17.1303
18.1854
17.0208
16.5084
16.7277
19.1284
16.1436
16.6817
18.4059
17.3258
19.6895
17.9577
16.095
16.9833
17.1965
16.712
17.2187
17.371
17.3071
29.9546
19.2057
17.5329
17.4919
15.9404
17.8735
17.1766
17.8666
17.2302
19.1632
17.361
18.9642
17.5424
15.6476
17.7713
18.6378
17.0101
17.8283
17.5601
18.3033
16.9653
16.7403
18.6213
16.369
17.6611
16.9163
19.1238
17.7667
16.8463
18.0717
18.3703
16.2447
18.1961
18.5199
17.9263
18.2279
18.7411
17.6037
19.1127
18.841
18.2007
18.0545
18.5861
18.6007
17.6473
18.5758
18.7101
17.079
18.8973
16.6771
15.8723
16.3032
15.8294
14.8393
16.6679
14.5156
18.7434
17.1153
17.5604
18.3461
29.8792
17.8123
18.3063
17.3974
19.5926
19.6103
15.9404
18.4395
18.8785
17.6255
17.7813
18.4545
17.2895
19.1801
16.2864
15.8796
17.487
17.733
17.6255
15.816
17.5252
17.6672
17.1785
17.5524
17.8486
17.425
16.7847
15.7135
17.6263
17.8081
15.9339
17.7292
17.6898
17.0128
17.0908
16.9852
17.2263
17.2971
18.3898
17.7545
17.8325
17.11
17.4185
18.1131
17.6664
18.2987
17.5815
16.3909
17.9282
16.6389
18.4016
16.7483
17.6087
17.2236
17.3109
16.6389
17.6527
17.2263
17.3297
17.5409
17.9141
18.8058
18.9087
19.4396
18.2577
18.5073
17.6921
18.9198
18.9129
18.0113
18.4013
17.084
16.725
16.7755
17.2592
19.7568
16.8118
17.7882
16.6381
17.3266
18.2348
17.8854
16.5386
18.7426
17.6542
17.3098
31.3779
17.2122
18.7985
18.7403
17.273
17.1326
17.6316
17.3698
17.7549
17.7908
18.7499
17.792
19.0859
18.0067
31.6875
16.1214
16.958
16.0548
17.8222
18.7338
16.5998
17.8578
17.322
17.8314
17.0545
17.3358
16.074
15.813
15.9159
16.3744
15.7919
17.5777
17.1724
16.4747
17.7786
18.2719
17.3534
16.0874
17.4954
17.6052
15.8926
17.1984
results\hs_8bins_5pchs_30_1_1_clst_max_init_new_1e-005tVarY_1tUp_16tClsfy_(1).ppm
11.7711
14.1049
13.3322
13.6751
14.1979
16.2141
14.4727
15.1382
15.9351
15.4743
13.819
16.6848
14.7502
16.3469
16.5929
16.5933
17.0614
17.5451
19.0335
17.9592
18.0074
19.3045
16.9737
17.3618
17.2845
19.4595
18.797
17.6753
18.3928
20.5238
18.5471
17.7824
20.6114
19.7905
18.0208
19.1047
18.027
19.5567
19.0067
18.1154
19.9704
19.3378
18.2045
19.089
19.8028
18.8797
19.5471
18.8188
17.9148
18.092
18.978
19.2398
18.9734
18.8448
20.0657
18.3863
18.8031
18.8785
19.0454
17.1766
18.0059
19.7312
18.8896
18.6929
16.8417
19.4713
17.074
18.738
18.8261
22.3616
17.9891
17.8727
18.9742
18.7782
18.9543
18.0553
19.0909
18.0419
19.8192
17.8949
17.9807
20.0565
17.6672
18.7909
19.5119
17.4502
30.7794
31.6642
20.9402
17.8808
18.676
19.9053
19.4621
19.6631
18.2853
17.9144
20.2903
19.0878
19.7254
20.0152
19.0963
18.9485
19.7886
18.6305
19.1196
17.7591
19.3048
19.5869
19.7431
19.1066
19.6367
20.0772
19.74
18.1513
18.7434
18.5306
16.9137
18.8249
18.9585
17.5735
19.5494
18.6079
17.8869
17.7105
17.8521
17.5532
18.2225
17.4759
18.1525
32.6964
18.1647
19.8307
18.2807
18.04
18.8349
18.7687
17.3913
18.0679
19.1376
19.4426
18.1207
19.1916
19.7564
18.9217
19.0465
18.709
17.7434
17.6087
18.0691
16.8991
18.1766
16.7265
18.8762
18.7392
18.756
19.3623
16.0866
34.2491
17.6465
18.0296
19.8724
19.0331
17.7614
20.8916
18.6412
34.1469
19.3531
17.7177
18.2669
17.3653
18.8207
18.6018
18.6757
18.8467
17.2933
18.6148
19.6194
18.7794
19.611
18.8066
17.6328
16.8865
18.6561
17.9956
18.4411
17.6515
18.6822
18.3867
18.0411
20.7335
18.6087
21.0064
18.549
18.8299
18.4059
17.4376
17.1544
18.195
20.3699
19.6413
18.2107
20.4564
17.8107
20.5854
20.861
18.3282
19.9654
18.5226
17.6565
20.1055
20.1943
17.7885
18.1345
17.8146
19.9777
18.7189
19.6229
19.8223
17.9615
19.5249
19.3657
17.5685
results\hs_8bins_5pchs_30_1_1_clst_max_init_new_1e-005tVarY_1tUp_16tClsfy_(1).ppm
12.1657
13.137
13.5412
13.6878
13.2683
14.3935
14.276
21.5843
15.0058
14.1891
14.979
15.3843
16.2194
16.2883
17.717
16.9668
17.1364
17.8065
19.2107
17.702
18.1471
17.1766
17.5497
16.1126
19.7825
19.1866
18.8877
20.2808
19.5218
19.98
18.841
19.9643
33.0186
20.1709
19.598
20.4438
21.5418
20.9115
21.5407
20.2727
19.4851
20.8878
20.2559
21.4255
20.5234
20.4239
21.0596
18.8441
20.6719
21.6735
20.089
20.288
20.0006
20.998
22.0359
19.2945
19.2233
19.7067
17.769
19.3691
20.3458
20.5931
19.3374
18.1728
19.8112
17.4644
20.0837
17.6282
20.0301
18.5482
18.7618
17.4931
20.3443
20.0821
19.4132
19.6393
18.9355
20.9727
19.7274
19.1828
20.771
33.7538
20.1916
20.272
20.5223
19.6734
20.0485
21.6899
20.8238
20.1024
21.2318
20.4323
20.5062
21.032
24.5442
21.0837
21.0753
38.1259
18.6596
20.536
21.0106
19.8946
37.9706
18.8368
19.1028
21.078
21.2632
19.6501
20.6757
20.4205
22.0765
20.7301
21.1335
19.4629
20.4966
19.4618
21.1985
20.0978
20.8173
18.6814
19.4648
17.6079
19.2432
17.9623
17.6691
20.0982
19.0442
18.601
18.5559
20.0917
20.4851
20.1652
18.6496
20.3244
20.4962
20.3967
20.4296
19.1112
20.4855
20.8671
21.3631
20.0787
20.4568
18.7235
18.2443
18.4246
19.9604
19.9195
18.5853
20.3577
19.7947
19.2011
35.8216
22.7428
19.6994
18.306
20.7255
21.3022
18.4556
17.6844
39.4509
20.0133
21.2199
20.0328
19.9631
19.3412
19.2337
19.9114
19.9298
18.5184
20.1904
19.5838
20.1977
20.8897
19.606
18.5088
20.3164
19.7128
20.1262
19.2742
20.6501
18.1391
20.5487
18.5964
19.6585
20.0263
21.8181
20.236
20.7182
20.9674
20.2111
22.1235
19.1525
17.9497
19.5567
20.337
18.6496
18.9374
18.6156
20.0335
18.7442
21.7263
18.0484
18.8448
19.275
18.7101
21.8354
20.3711
21.5697
20.9226
20.2429
21.1863
19.3565
21.4163
20.0814
20.4262
19.8567
22.1538
19.7025
20.8434
18.0476
18.8915
17.2983
18.8674
16.9772
17.379
17.2156
21.5265
18.5612
21.0217
21.2054
20.0527
21.1935
22.3604
20.1977
19.3018
20.9084
16.3124
20.3106
22.7745
20.781
21.218
21.6103
21.0328
19.3619
19.1935
17.8375
20.0098
20.3183
20.4124
18.4992
20.071
19.5957
20.0925
21.7259
18.9612
19.8984
19.9271
18.0538
19.1908
19.5372
18.8456
19.6661
19.9845
20.8108
18.7809
19.3255
20.3171
20.0439
21.1426
33.7756
22.0833
18.4744
17.2447
21.4944
22.0707
21.3669
20.9096
18.8858
21.396
18.262
20.714
20.6845
20.6803
18.864
19.6768
17.5983
18.7373
17.8199
32.9547
20.5636
23.0619
20.74
21.9234
21.1216
19.9379
22.0175
19.616
18.2509
20.3447
20.5781
19.6604
19.27
17.1789
19.1877
20.6899
20.6114
19.5379
20.7683
18.42
18.4326
20.4909
20.5892
19.0312
20.1158
22.8285
19.9708
18.7208
20.1767
21.3202
21.112
19.9122
19.4931
20.4174
19.5747
18.924
19.9501
20.6137
19.8927
21.2456
20.8985
19.1464
18.288
19.4962
17.7874
34.9716
19.5134
37.5561
21.3979
20.7473
22.2973
20.1315
21.14
18.8919
20.0408
17.4288
18.0637
16.4035
19.1303
20.2907
33.7527
20.4254
18.8693
19.7274
19.205
19.7821
19.6661
18.4828
18.2815
results\hs_8bins_5pchs_35_1_1_clst_max_init_new_1e-005tVarY_1tUp_16tClsfy_(1).ppm
12.0624
14.6013
12.2752
13.8485
14.7307
14.4781
14.5691
13.6809
15.3499
15.0682
16.2986
16.6802
16.0403
16.418
15.834
16.7965
17.1253
16.555
17.898
28.3909
17.3909
18.7495
19.3573
17.88
18.6405
19.2073
18.725
19.8862
18.9975
20.1105
19.9838
20.5031
19.8146
21.0408
21.2023
21.9306
21.9724
22.3899
21.6229
21.8863
22.2946
22.2058
21.2655
21.7554
22.2361
21.6398
22.2552
21.2938
21.639
21.559
21.0787
20.9398
21.2054
20.9077
20.2723
20.9103
21.3432
20.7963
20.4943
21.9142
21.029
20.1418
20.6034
21.0496
20.0255
20.4392
21.3325
20.0825
21.494
19.4074
19.7905
18.6152
21.476
24.4745
36.8075
38.4153
21.3707
20.923
20.2865
19.4828
21.763
20.5548
20.9321
21.3332
19.9972
19.7943
19.2524
22.8587
20.3091
21.1059
18.955
37.2254
21.6773
24.8217
22.481
21.4802
20.8908
21.6065
21.9368
22.1025
22.6949
20.9543
21.3233
19.9654
20.2241
21.6543
21.835
21.1319
22.5541
21.2475
22.1408
21.732
21.6937
21.1698
20.887
20.4472
22.3608
21.1836
21.9326
19.2593
20.8491
21.5602
19.5957
19.4036
19.903
21.0569
20.7733
19.4273
20.36
38.0065
21.1962
23.1174
21.3145
20.8326
20.3244
21.3784
22.1396
19.43
21.4125
21.7557
21.5322
21.5162
21.8128
22.3497
21.1622
21.773
20.7626
20.1269
20.1472
21.0454
20.613
20.1001
20.5609
21.3359
22.2808
20.59
19.9524
21.4056
19.9206
20.4277
22.401
19.2096
21.7737
20.7699
20.1407
20.3849
19.2658
20.094
21.4542
20.6627
22.1006
21.0508
21.1591
21.7159
21.7791
21.2693
22.5801
20.8043
21.7933
20.2161
22.7753
20.1403
21.9838
20.0523
19.3473
23.5315
20.8587
20.5529
21.2353
22.3168
21.1147
20.9375
20.8085
18.872
20.6796
21.4787
18.4372
21.1143
20.8483
20.7071
18.4832
21.6853
40.7582
21.8464
22.3493
20.1346
21.9884
22.8178
21.6118
21.3183
23.0352
22.1492
20.3738
21.9012
22.0967
19.4338
20.4013
22.4737
21.4255
22.5112
20.3416
19.213
20.5498
19.3397
20.0309
18.6795
18.7958
22.9743
21.1193
19.9803
22.0194
19.9708
21.7435
21.0783
21.2984
20.4067
21.122
20.0412
22.1756
23.4806
22.3099
21.7822
23.0095
39.7888
20.2869
20.4185
18.9616
21.4021
20.7825
21.2349
17.6462
21.6872
19.7327
20.6792
22.5744
37.5435
20.3761
20.027
18.1406
21.0225
20.7347
19.9007
21.2578
21.0737
21.675
21.4427
21.0661
21.701
21.7661
22.3853
21.3332
22.0259
20.5502
21.086
21.6624
38.9595
23.2013
19.9719
18.9015
19.9654
19.2704
21.5808
19.5452
22.6635
21.4614
20.5992
19.9164
19.5452
20.3634
21.0504
21.2946
21.2494
21.9854
20.8529
22.5483
20.5559
22.5935
21.0787
21.7347
21.9992
19.7446
22.5346
20.3213
19.575
20.7056
22.6647
21.5958
21.3489
22.0749
20.1885
20.6371
20.7029
19.3198
20.0079
22.5062
20.9796
21.0757
20.4419
19.2111
22.0543
22.6295
20.8839
19.1514
21.512
20.7247
20.3772
21.0255
23.783
20.546
21.6505
21.8549
20.0752
20.2915
19.6524
18.6516
22.4171
24.8462
19.9168
22.3872
19.4924
21.1273
20.6696
20.5934
21.4959
18.3538
19.2899
20.4698
18.583
22.0964
20.6275
20.267
22.1943
20.4059
21.2265
17.6741
21.8009
23.4623
18.5865
20.9092
results\hs_8bins_5pchs_40_1_1_clst_max_init_new_1e-005tVarY_1tUp_16tClsfy_(1).ppm
12.2292
13.7712
12.0337
14.2641
14.2588
13.3226
14.6231
15.3526
15.0912
16.5038
15.5707
17.4598
15.2377
16.8057
17.5134
15.2209
16.9064
18.6133
18.0266
18.0472
18.3634
19.5303
18.65
17.3507
19.4311
20.5089
18.0702
20.8001
19.5636
19.9405
20.1491
34.2655
20.5915
20.9011
20.4756
22.4561
22.5158
21.6884
20.8958
23.5511
23.3157
23.228
23.2881
22.9207
23.4959
23.2479
23.7581
23.574
23.3276
23.1741
20.1786
22.2984
21.4944
21.0772
23.3398
21.9796
21.5984
22.9674
21.6631
21.0454
22.6253
22.4561
21.8308
23.8618
21.4588
21.4484
22.6042
21.047
21.6463
22.5859
20.7871
19.4648
24.9717
22.871
21.2406
23.0914
22.0998
19.5406
22.8706
21.0217
22.1993
23.6911
20.9651
22.9739
22.6146
21.0163
21.1002
24.0291
23.3639
22.7875
22.1059
22.3604
22.3968
22.1117
23.2912
22.6356
22.2858
22.856
22.2556
22.8071
20.6857
22.7795
22.2935
20.9903
21.7856
23.122
23.354
22.5526
23.4056
21.3983
22.0879
23.7256
23.1894
21.631
23.6154
20.1981
22.6199
22.0883
21.2027
20.7664
21.5874
19.8043
20.7442
20.0634
21.3462
22.7615
21.3064
21.0596
21.3061
20.6788
22.8633
22.2713
22.8936
20.3634
23.4998
22.8763
24.0911
23.4378
21.3087
23.8335
21.4737
22.7998
21.5958
22.4404
23.8894
41.2741
20.7504
21.0638
20.6907
22.0734
22.1159
22.3348
20.7396
23.8446
22.2697
19.252
22.2651
23.4263
21.0894
21.6834
23.1331
21.3792
24.6414
22.7952
21.2854
21.4986
23.1511
21.2575
21.2881
21.9934
21.9249
23.5327
22.8231
22.6211
22.4228
21.1629
22.3708
22.1978
22.812
21.6823
23.4121
18.7782
23.0554
23.7612
22.295
20.9685
23.0907
21.4324
23.9713
23.256
22.9024
22.316
20.6593
22.2192
20.7063
22.7841
20.7106
21.7714
22.4232
20.766
21.2035
23.6069
19.4633
23.0137
23.5943
22.4772
21.9054
24.8481
23.8549
24.1205
24.1619
23.3674
23.2675
24.1952
22.9031
22.3585
23.4967
24.7283
21.3087
21.8996
22.308
20.4151
21.0611
20.8885
18.5941
20.3137
17.4062
23.2678
22.7776
22.9644
22.6578
20.8326
22.8622
23.5951
22.2127
23.0034
20.6581
20.4216
24.0693
25.2124
23.3157
21.9655
23.504
21.7833
22.5901
20.8613
20.2429
21.9659
22.6417
20.4193
20.5946
21.2701
22.3026
21.9272
24.2308
22.7764
21.3256
21.4488
20.0844
22.259
21.6206
21.8809
21.8162
22.4573
20.5253
21.4725
21.6937
40.684
21.5935
22.9066
22.0145
22.5399
21.7508
20.9471
22.6743
24.1473
23.4236
22.3424
22.1626
23.0137
18.8046
23.1504
22.3643
22.1488
23.0482
22.2024
20.6007
20.4296
19.7507
24.2239
23.2667
22.5346
23.029
22.5537
24.1263
21.954
23.5289
21.29
23.463
23.0631
23.4045
23.6004
21.3217
20.5927
21.3145
21.0324
23.2384
21.4021
23.5403
22.2135
22.0535
22.4638
22.7979
21.0026
24.1378
21.626
22.303
41.0403
20.0779
24.876
23.3876
21.4568
21.9743
22.3072
21.5594
21.3815
22.9942
24.1936
20.7331
21.4626
22.9112
21.3593
21.8392
20.8058
19.5793
23.0685
23.3547
20.8759
24.7023
22.6796
22.3623
21.7466
21.7332
20.1901
20.9478
21.1193
20.5341
20.4071
23.2809
21.5759
19.4445
23.011
20.9785
20.5655
20.9134
22.091
21.838
20.549
22.4312
results\hs_8bins_5pchs_45_1_1_clst_max_init_new_1e-005tVarY_1tUp_16tClsfy_(1).ppm
12.7624
13.3383
13.7073
13.6621
15.4865
14.4367
14.4417
13.7482
15.0498
15.6725
15.573
16.8287
16.0705
16.622
17.3457
16.5661
18.2401
16.2623
18.141
16.1034
17.268
16.9515
16.6262
29.2711
19.0848
19.4044
19.6864
20.182
19.6049
19.978
20.5659
21.2839
21.2731
21.0271
20.8648
21.4836
20.6068
22.1201
22.2039
23.7872
21.5326
22.8438
23.4148
24.0937
22.9326
23.1599
24.0291
23.9609
22.5866
24.1113
23.3716
22.3673
22.086
22.202
22.7037
22.0011
22.8534
22.6306
23.2985
23.0895
22.3792
21.9574
22.409
23.1909
22.8224
47.0684
23.5258
22.3574
23.7765
23.308
20.8468
20.3833
23.3325
23.9177
21.7776
23.073
21.8629
22.2445
22.3627
20.4419
24.1603
23.1278
21.8889
22.5078
22.3007
21.2835
21.6314
22.5694
24.3544
22.2073
50.2848
23.7929
22.8293
24.8584
24.6169
24.3647
24.3953
25.0168
21.1679
24.8408
22.2479
42.8326
23.7367
20.9272
25.1252
24.4076
23.2797
23.5059
22.7493
21.3857
25.961
25.855
24.7761
21.7592
25.364
22.9628
24.3035
22.9123
22.2958
21.7688
22.6815
22.1392
21.5942
44.9662
20.6838
24.6724
22.0585
21.5655
22.1519
22.9578
22.7259
23.0019
22.4458
22.264
23.0826
23.8733
22.7229
24.563
22.9885
22.1599
22.5801
43.4139
23.0409
23.2143
22.6965
23.1852
21.7079
21.9322
20.5307
20.9654
23.3176
23.4753
22.4825
22.6498
23.8124
21.1928
22.4205
24.4768
20.9191
23.2089
22.6157
23.1814
24.034
22.7401
21.6892
22.011
22.5904
22.5441
22.3007
21.0676
23.5706
24.1871
23.3011
21.8311
22.6586
21.6807
22.099
23.4202
22.9578
23.4144
23.5859
20.8445
22.5219
23.0252
20.8713
23.6383
23.6743
23.4527
24.2177
24.5691
22.667
22.6857
22.4994
22.6907
21.2597
23.3762
21.9708
42.4108
21.8001
24.0409
22.8415
24.6177
42.3557
24.1511
25.3816
22.238
25.0811
48.6341
24.3421
25.3789
25.7065
24.7914
23.7087
25.7884
24.7991
25.4987
23.6865
25.7689
22.8293
47.3627
20.9616
30.1142
21.1794
22.1262
24.0149
19.647
22.0864
25.69
22.5277
23.7145
25.1546
22.7397
23.897
24.8749
23.1021
24.6383
26.5844
20.6677
23.1898
24.8837
24.0283
24.6066
23.7975
23.4466
23.4091
24.129
21.6383
23.1167
25.4195
22.1878
22.2556
23.23
23.3873
25.0877
23.8036
23.9257
23.0397
22.8212
21.2425
23.3677
23.0371
19.9723
22.7409
21.9662
22.5453
21.4634
21.8966
23.0141
22.6513
23.8993
23.4665
25.1485
23.4619
20.4729
24.1071
23.8986
25.0237
23.7057
23.2678
23.7769
21.3968
24.5285
22.2219
24.101
24.6093
23.8649
27.0586
21.7018
20.6539
21.9536
24.1645
23.9139
24.3394
23.0275
26.3629
24.2755
25.8657
23.6169
24.7677
24.1887
24.3609
24.3394
21.8729
21.1342
22.1997
24.026
24.8408
20.8832
24.2028
22.1989
22.7948
23.7715
22.5062
21.556
25.5879
22.6452
23.3696
21.4656
23.3203
22.8327
24.5151
21.9689
22.5568
25.341
23.2579
21.8086
23.9759
25.7425
23.326
26.661
24.571
22.047
22.0895
22.21
21.1606
24.1665
23.5086
21.8331
24.8963
22.1465
21.497
23.5208
22.8358
20.8923
22.2051
19.748
21.3719
20.5108
24.6973
22.4944
23.6911
24.8006
22.7068
23.3023
21.714
23.2081
23.6907
20.799
21.8916
results\hs_8bins_5pchs_50_1_1_clst_max_init_new_1e-005tVarY_1tUp_16tClsfy_(1).ppm
11.8511
11.6865
results\hs_8bins_5pchs_50_1_1_clst_max_init_new_1e-005tVarY_1tUp_16tClsfy_(1).ppm
12.1091
11.5537
13.3062
13.1332
13.6656
13.4945
19.0488
15.2745
15.2473
14.8646
16.4054
16.0514
16.1413
17.2987
17.3086
17.0021
17.6672
16.5137
17.4303
16.6729
16.7139
18.8659
19.1889
17.4127
19.7002
19.0147
18.6596
19.5433
17.7422
19.4721
19.7431
20.2425
19.1655
21.1759
20.6137
21.4327
21.8449
22.6984
22.2158
22.6222
22.9376
23.1649
21.8951
23.1794
24.5863
23.6471
25.1669
24.3417
24.034
25.0754
25.0168
22.6138
23.7994
23.6016
25.3682
23.1048
23.631
22.5166
24.1982
24.336
25.0762
24.1068
22.3237
24.1182
23.3624
23.5645
24.4803
23.2189
23.2101
23.747
22.4067
21.5414
25.3563
24.5358
23.0141
23.1668
24.3636
22.383
22.3734
23.5151
25.4964
23.2652
22.161
24.9189
24.4141
22.6919
23.9636
24.9606
24.7202
24.4841
24.1791
46.2345
26.1206
26.2603
24.6724
25.4482
46.6233
25.5526
23.8461
25.3984
25.0322
25.8251
25.054
23.1438
25.6973
25.2878
25.0253
24.8167
24.6896
22.9869
25.9993
24.5082
26.0907
24.5924
24.1672
23.2388
24.7868
24.9395
25.0249
22.9854
24.7482
24.0551
22.352
22.3941
22.6123
23.8124
22.7849
22.6184
23.92
23.1132
24.9066
24.2866
24.0696
23.5618
46.6023
24.806
24.5243
25.2074
25.7938
24.4967
26.3598
23.7443
25.5136
24.2725
22.5288
23.9713
22.4305
23.1381
22.6394
24.2338
24.3226
22.9533
23.4512
24.6502
25.1738
22.1377
23.6754
24.1741
22.2517
23.4137
25.2074
24.1619
25.261
22.4619
22.6609
22.9357
22.835
23.4963
24.0348
23.6946
44.5942
25.705
24.3766
24.9728
27.6901
22.8989
24.0746
24.5224
24.8741
24.9166
25.2419
22.5242
24.4267
25.3265
23.1029
24.5752
24.2346
22.9797
24.6192
24.6621
24.0987
23.7726
23.4305
23.0302
23.5564
24.4994
22.0891
24.5553
22.959
49.5852
23.6444
24.881
48.8974
25.1829
25.8301
26.4509
24.2855
26.3961
26.4566
27.1555
26.8967
26.2859
26.1814
26.8432
44.8965
24.199
25.9231
25.222
23.5212
29.8295
25.4838
22.8714
23.0195
23.9242
20.1216
20.8629
24.2786
25.0008
22.7443
23.3788
25.0854
23.2154
23.4064
26.4111
25.7142
24.3574
23.8699
22.9533
48.3375
23.9479
24.3911
23.876
23.8565
22.5223
24.2066
21.7802
21.5885
23.7233
23.8323
23.8132
21.2418
24.8416
23.0773
25.1872
24.9085
22.9609
24.8825
22.9115
21.9796
25.3402
22.884
22.29
22.3237
23.5556
22.5931
23.6701
22.8759
23.9766
23.7053
23.77
23.3911
24.1936
22.6559
22.1545
24.1393
26.0123
results\hs_8bins_5pchs_50_1_1_clst_max_init_new_1e-005tVarY_1tUp_16tClsfy_(1).ppm
16.0392
13.23
12.7149
13.1738
14.3487
15.7234
13.4352
14.276
14.9645
15.8038
15.7326
16.6021
14.8918
17.57
20.3332
16.8811
17.3871
16.7181
18.0051
28.8314
19.7599
18.7243
18.9585
17.6955
18.0744
19.0886
19.4774
19.8035
20.2681
22.1297
19.2574
20.7825
21.4423
20.6195
20.8839
23.1182
20.9788
23.7252
22.6406
24.2729
22.1274
24.1833
22.5564
24.1423
23.8369
24.6127
25.7612
26.214
24.7631
25.2886
22.8438
23.3406
23.7807
24.1244
24.8994
23.3203
23.9659
23.0995
24.7134
25.1776
24.5645
23.5652
24.7474
24.9836
22.1932
24.5247
24.4673
21.3948
24.4324
25.3609
22.7738
22.3964
24.0643
25.1535
23.4114
25.4348
25.3303
23.8017
24.7815
23.4075
25.5151
25.6655
24.0195
25.1129
24.4137
22.9525
22.5495
26.3449
26.6032
25.1382
24.4546
25.7509
23.0711
26.2645
24.8634
25.2537
25.3479
25.4531
25.2346
25.0865
23.4684
24.9173
25.4596
23.5384
26.5538
24.7842
26.9362
25.6633
25.4765
23.0371
24.6238
25.1125
25.9208
23.6965
24.8485
25.0666
23.1523
47.1718
23.8144
23.2414
25.1581
24.0876
24.0057
22.2927
22.9793
27.0866
23.2307
23.7087
47.0746
24.4707
24.6456
24.9078
24.6204
25.6078
24.1626
25.7884
24.4194
24.8833
results\hs_8bins_5pchs_50_1_1_clst_max_init_new_1e-005tVarY_1tUp_16tClsfy_(1).ppm
results\hs_8bins_5pchs_50_1_1_clst_max_init_new_1e-005tVarY_1tUp_16tClsfy_(1).ppm
results\hs_8bins_5pchs_50_1_1_clst_max_init_new_1e-005tVarY_1tUp_16tClsfy_(1).ppm
12.5297
13.4983
13.8041
14.361
12.7976
13.2055
15.1891
15.245
15.4662
15.4869
14.2259
16.8758
16.278
17.1398
17.6649
16.6928
17.7491
18.5088
17.9764
17.8754
17.1877
18.7778
18.4483
17.4028
17.7506
19.3481
17.6531
20.2838
19.3048
20.8032
21.6283
20.4228
20.8996
22.0213
21.1851
22.1182
20.9984
21.9471
25.9423
22.9395
23.6915
23.6287
22.7722
22.5265
24.1737
24.2939
23.7899
50.8324
24.7199
25.9683
25.661
23.2097
22.0742
24.003
44.5004
21.8495
50.3904
22.8128
24.3398
24.6089
25.0356
24.6468
22.5924
24.1764
22.6004
24.0038
23.3153
23.3972
24.5775
25.2319
22.6073
21.4653
24.9231
25.1259
23.1144
24.4983
48.0294
23.5009
24.563
23.6494
26.4076
26.5603
23.184
25.3322
29.2351
23.3279
24.2537
24.1814
27.6105
23.7229
24.6452
24.4083
25.3716
25.4233
24.9782
24.6142
23.9537
25.3253
24.1385
25.3249
24.2549
24.9606
24.881
24.4435
25.6368
25.9243
25.4665
25.0387
25.5155
27.0797
25.6437
25.2974
25.5859
23.9219
24.1091
23.7558
25.4045
25.3781
25.4738
23.7512
24.6713
23.5166
22.8511
22.3849
23.6831
24.5806
21.861
22.7642
23.5331
22.7278
25.558
25.7386
25.4267
23.8128
25.6265
25.0146
24.5561
26.4409
25.4428
25.2434
24.504
22.7849
25.0693
24.8083
27.9239
24.7922
23.6035
23.5637
22.4075
24.4064
24.1829
22.765
22.3149
24.5415
24.6265
23.3647
23.0604
25.4861
21.8637
23.2399
24.2755
26.1183
25.4091
24.6491
23.2816
21.7864
24.0111
23.6502
25.1014
24.1492
23.3467
27.1635
25.2495
24.9901
24.8224
24.0436
24.4902
22.7925
25.2128
24.9108
24.9602
22.3325
24.305
25.2694
23.9759
22.7772
24.5499
23.2273
26.3127
26.1539
25.6529
24.4956
25.1454
23.5928
24.2415
25.6518
22.3734
25.7589
24.3283
25.1726
21.9234
25.209
22.0305
25.8175
26.6943
24.9277
25.8133
26.2722
26.4348
25.7693
26.7548
26.0773
27.3732
25.997
26.498
25.4673
26.4513
24.447
23.3888
24.1711
23.7895
23.0298
22.8036
23.667
21.4496
20.0764
21.8522
25.351
25.0953
22.5878
26.4914
23.9338
22.9085
26.4356
25.1171
26.6928
23.8993
23.3165
24.2036
25.2002
25.5538
25.036
24.9017
23.6559
23.6643
27.7092
22.1423
25.3326
24.8125
24.6686
23.1128
24.9028
24.4876
24.7922
24.0983
25.0318
24.8802
21.9127
21.9394
25.5947
23.9774
22.6073
23.6758
25.6606
24.1573
23.3708
24.2422
23.5224
23.3754
25.7241
24.4133
27.382
24.7371
21.4201
24.4964
25.359
24.2679
23.3536
23.5453
24.8963
21.9437
23.8339
25.2568
26.5745
24.9032
23.2437
25.0019
23.1106
23.331
26.1857
23.7072
23.4228
25.4845
26.9702
27.0138
24.4589
26.3552
24.8553
25.3931
26.24
25.6812
25.6085
23.5939
23.0543
24.6586
25.4895
24.1209
23.5185
25.723
22.7581
23.6349
24.1504
25.0612
23.0279
26.6698
50.718
23.5568
23.0849
23.4757
24.6012
25.7482
24.3865
24.0298
25.1282
24.4539
23.5388
25.4616
26.8887
24.7057
25.8098
25.7425
23.9009
22.5495
23.0329
21.9345
26.2323
26.9848
21.5097
24.9261
24.5002
25.7333
24.0413
25.5182
22.0654
21.4924
21.9926
23.1607
21.5537
26.1018
23.9663
22.7428
26.7253
23.2204
26.9304
23.2805
25.2518
24.5063
22.2605
24.3176
